25
2 4
7 5
9 15
19 24
9 24
15 17
6 11
12 1
4 19
14 22
14 16
12 16
8 19
6 16
13 20
22 20
15 14
18 7
22 23
17 2
12 12
4 24
22 7
8 12
20 12
7 9
16 11
4 4
21 8
12 3
14 6
6 7
12 2
5 22
8 13
0 10
16 6
24 18
21 13
20 15
24 10
20 9
17 15
17 21
4 21
22 9
1 14
0 18
23 9
0 11
4 6
6 12
3 18
14 24
17 22
12 21
7 14
12 10
5 12
5 15
10 9
5 21
9 16
9 7
2 17
23 4
0 23
23 21
8 5
6 13
24 11
8 20
19 22
3 1
7 21
5 10
9 11
16 0
17 5
12 18
6 4
19 14
6 18
7 2
22 5
8 24
14 10
11 6
9 22
1 10
15 15
19 11
10 10
3 22
4 20
6 22
7 8
0 4
24 3
15 22
9 2
7 16
14 13
17 24
17 20
11 8
21 17
18 17
6 8
16 5
19 2
8 23
6 1
8 22
22 6
20 18
13 4
10 16
5 2
23 11
3 12
19 20
21 0
2 19
17 9
22 12
2 3
3 2
21 18
10 14
11 19
20 10
21 14
19 0
24 15
3 16
12 19
1 19
11 13
22 24
13 13
9 8
6 19
13 15
4 23
13 16
14 18
22 1
23 20
21 12
21 1
17 3
18 3
8 10
2 22
5 8
20 21
24 17
5 1
24 21
22 16
23 19
9 18
7 12
4 17
7 24
3 10
4 8
23 22
18 18
24 5
24 14
4 13
7 10
21 2
17 16
20 17
2 24
14 4
3 9
14 17
7 13
13 2
20 24
0 0
18 0
13 8
21 20
1 5
12 17
19 4
15 7
11 11
19 9
16 7
3 23
23 14
23 5
20 23
0 20
10 8
18 13
2 1
21 19
6 24
13 1
5 9
13 12
19 19
22 3
21 10
9 17
8 11
0 9
0 8
19 6
23 12
9 13
13 14
0 22
5 18
1 12
2 16
0 7
3 0
18 15
14 8
24 24
7 15
24 22
24 1
13 24
8 4
10 0
23 1
23 24
19 10
10 12
11 24
3 11
9 23
20 8
16 1
20 6
23 10
8 3
18 23
9 19
20 16
20 5
17 10
24 16
7 0
12 15
22 15
14 1
14 2
20 20
2 12
7 4
23 2
4 0
9 12
21 15
15 10
10 7
3 6
11 0
20 11
17 23
5 19
11 15
16 19
4 12
23 6
16 9
16 22
18 5
17 4
1 9
4 10
19 3
15 6
17 0
14 0
11 18
24 6
10 24
7 19
18 21
0 2
13 6
21 21
1 13
21 22
12 8
19 23
18 10
22 2
24 2
22 21
12 13
16 3
6 5
14 20
6 2
14 9
16 15
8 14
24 4
18 8
11 7
2 18
0 6
2 23
17 14
13 17
20 22
16 18
18 24
7 7
24 23
3 17
6 21
20 2
16 23
23 16
19 16
8 15
4 9
20 7
5 17
2 8
4 15
15 18
13 7
0 24
24 13
22 14
21 6
13 3
2 0
12 5
11 12
11 21
1 8
1 7
6 10
13 9
16 8
4 16
0 5
3 3
13 22
24 9
18 11
9 4
17 1
6 23
0 13
17 7
14 15
15 16
3 14
3 13
18 22
12 23
1 24
15 19
17 6
5 4
9 10
5 16
22 0
10 2
23 8
22 22
18 1
14 3
19 8
10 18
5 14
12 6
7 23
12 9
17 13
23 17
1 1
12 24
11 20
7 18
2 21
3 4
21 7
24 8
16 17
19 17
14 7
1 23
16 16
8 7
9 9
8 2
6 6
10 21
1 16
15 23
9 6
16 2
3 21
18 6
23 7
17 11
0 14
11 2
13 5
1 4
7 20
15 20
20 13
15 8
2 20
9 5
4 7
6 20
11 1
16 12
11 3
12 11
6 0
1 3
24 19
10 13
9 0
11 5
22 4
14 23
6 3
21 24
24 7
13 0
21 11
7 3
3 24
23 18
14 12
11 23
8 18
12 20
19 1
5 11
6 15
13 23
15 9
4 22
16 21
20 1
6 17
4 5
18 14
1 18
7 17
0 12
15 5
16 24
2 15
4 3
19 12
14 21
22 17
1 0
8 9
10 20
14 11
0 15
22 8
9 3
12 7
21 3
10 15
23 15
15 0
22 13
10 22
9 21
17 8
3 5
10 4
4 18
15 12
2 6
11 14
10 3
3 8
15 21
3 20
14 19
5 0
22 11
2 11
1 17
1 15
5 13
4 2
21 23
12 0
8 17
16 10
13 21
21 4
7 22
12 14
9 14
15 1
5 5
2 10
0 3
8 0
16 14
11 10
19 5
18 12
11 22
1 2
0 1
0 19
4 1
8 1
6 14
20 0
11 17
17 17
5 20
5 23
10 5
10 17
17 12
5 7
14 5
6 9
11 16
23 13
18 20
2 7
23 3
21 5
21 16
4 14
24 20
17 19
24 0
15 24
0 16
24 12
17 18
8 16
18 19
20 14
5 3
19 13
20 19
18 16
7 1
15 4
19 18
12 4
1 20
10 1
3 7
5 6
7 11
10 6
1 22
18 9
11 4
3 19
13 11
16 13
5 24
22 18
19 7
1 11
10 23
15 11
23 23
13 10
15 3
16 4
2 14
19 21
18 2
20 4
2 2
22 10
11 9
10 11
3 15
23 0
9 1
8 6
9 20
16 20
2 9
8 8
22 19
14 14
15 2
2 13
10 19
1 6
0 21
18 4
1 21
2 5
7 6
21 9
12 22
15 13
20 3
4 11
0 17
13 18
19 15
13 19
8 21
